44 [0.0,1.0] 0
40 [0.0,1.0] 1
39 [0.0,1.0] 2
56 [0.0,1.0] 3
31 [0.0,1.0] 4
31 [0.0,1.0] 5
32 [0.0,1.0] 6
43 [0.0,1.0] 7
37 [0.0,1.0] 8
36 [0.0,1.0] 9
52 [0.0,1.0] 10
55 [0.0,1.0] 11
40 [0.0,1.0] 12
39 [0.0,1.0] 13
33 [0.0,1.0] 14
50 [0.0,1.0] 15
30 [0.0,1.0] 16
49 [0.0,1.0] 17
38 [0.0,1.0] 18
43 [0.0,1.0] 19
41 [0.0,1.0] 20
49 [0.0,1.0] 21
36 [0.0,1.0] 22
30 [0.0,1.0] 23
37 [0.0,1.0] 24
34 [0.0,1.0] 25
33 [0.0,1.0] 26
38 [0.0,1.0] 27
35 [0.0,1.0] 28
48 [0.0,1.0] 29
35 [0.0,1.0] 30
32 [0.0,1.0] 31
34 [0.0,1.0] 32
47 [0.0,1.0] 33
42 [0.0,1.0] 34
42 [0.0,1.0] 35
45 [0.0,1.0] 36
44 [0.0,1.0] 37
45 [0.0,1.0] 38
56 [0.0,1.0] 39
41 [0.0,1.0] 40
46 [0.0,1.0] 41
47 [0.0,1.0] 42
54 [0.0,1.0] 43
46 [0.0,1.0] 44
51 [0.0,1.0] 45
53 [0.0,1.0] 46
48 [0.0,1.0] 47
50 [0.0,1.0] 48
51 [0.0,1.0] 49
52 [0.0,1.0] 50
53 [0.0,1.0] 51
58 [0.0,1.0] 52
55 [0.0,1.0] 53
60 [0.0,0.8850272181751908] 54
64 [0.8850272181751908,1.0] 54
57 [0.0,1.0] 55
61 [0.0,1.0] 56
58 [0.0,0.9265663538618777] 57
59 [0.9265663538618777,1.0] 57
59 [0.0,1.0] 58
63 [0.0,1.0] 59
61 [0.0,0.8568684797343344] 60
62 [0.8568684797343344,0.8850272181751908] 60
62 [0.0,1.0] 61
64 [0.0,1.0] 62
65 [0.0,0.09584568529543191] 63
65 [0.09584568529543191,1.0] 63
68 [0.0,1.0] 64
66 [0.0,1.0] 65
67 [0.0,0.37455919198026166] 66
67 [0.37455919198026166,1.0] 66
69 [0.0,1.0] 67
70 [0.0,0.8885513743672315] 68
71 [0.8885513743672315,1.0] 68
70 [0.0,0.4231008371490268] 69
71 [0.4231008371490268,1.0] 69
72 [0.0,0.8885513743672315] 70
74 [0.4231008371490268,1.0] 71
75 [0.0,0.16968139071879276] 72
73 [0.16968139071879276,0.8885513743672315] 72
75 [0.16968139071879276,0.4595595853653922] 73
78 [0.4595595853653922,0.8885513743672315] 73
77 [0.4231008371490268,0.6256429437732485] 74
76 [0.6256429437732485,1.0] 74
76 [0.0,0.4595595853653922] 75
77 [0.0,0.4595595853653922][0.6256429437732485,1.0] 76
78 [0.0,1.0] 77
