paramfile: params
Pop 1 30
params: length 75 mu 1.5
L 75
  pos 	anc1 anc2 	freq 	nodes...
> [0.0,0.09584568529543191]  time 1  E[muts] = #mut (15)
M 0.005037397713576253 	58 52 	12  	4 5 6 10 14 15 16 23 25 26 28 29 
M 0.010232530257643702 	78 77 	30  	0 1 2 3 4 5 6 7 8 9 10 11 12 13 14 15 16 17 18 19 20 21 22 23 24 25 26 27 28 29 
M 0.015002560891291039 	68 64 	5  	2 3 7 13 19 
M 0.03610554220939677 	60 54 	2  	7 19 
M 0.03695883076346296 	54 43 	2  	7 19 
M 0.04095351848542339 	56 3 	1  	3 
M 0.04205957409746874 	70 68 	5  	2 3 7 13 19 
M 0.04253445362005992 	68 64 	5  	2 3 7 13 19 
M 0.048095969016075935 	48 29 	1  	29 
M 0.056084056075387134 	43 7 	1  	7 
M 0.06579600903120197 	59 58 	25  	0 1 4 5 6 8 9 10 11 12 14 15 16 17 18 20 21 22 23 24 25 26 27 28 29 
M 0.0691847983683419 	69 67 	25  	0 1 4 5 6 8 9 10 11 12 14 15 16 17 18 20 21 22 23 24 25 26 27 28 29 
M 0.07085867265111602 	77 76 	30  	0 1 2 3 4 5 6 7 8 9 10 11 12 13 14 15 16 17 18 19 20 21 22 23 24 25 26 27 28 29 
M 0.07525510304452478 	65 63 	25  	0 1 4 5 6 8 9 10 11 12 14 15 16 17 18 20 21 22 23 24 25 26 27 28 29 
M 0.0892063024449159 	68 64 	5  	2 3 7 13 19 
> [0.09584568529543191,0.07383570542336085]  time 1  E[muts] = #mut (10)
M 0.09882837986504045 	61 56 	3  	2 3 13 
M 0.0996495957846899 	57 55 	13  	0 1 8 9 11 12 17 18 20 21 22 24 27 
M 0.10560274758014089 	65 63 	25  	0 1 4 5 6 8 9 10 11 12 14 15 16 17 18 20 21 22 23 24 25 26 27 28 29 
M 0.12026600096433215 	68 64 	5  	2 3 7 13 19 
M 0.13655495529176664 	61 56 	3  	2 3 13 
M 0.15070939836415984 	60 54 	2  	7 19 
M 0.15230645594793402 	69 67 	25  	0 1 4 5 6 8 9 10 11 12 14 15 16 17 18 20 21 22 23 24 25 26 27 28 29 
M 0.16138065534222618 	77 76 	30  	0 1 2 3 4 5 6 7 8 9 10 11 12 13 14 15 16 17 18 19 20 21 22 23 24 25 26 27 28 29 
M 0.1626287289574221 	61 56 	3  	2 3 13 
M 0.16365860914328512 	42 35 	3  	16 23 28 
> [0.16968139071879276,0.2048778012614689]  time 1  E[muts] = #mut (26)
M 0.1816283023410683 	60 54 	2  	7 19 
M 0.18566895061403543 	44 0 	1  	0 
M 0.18940216140337174 	51 45 	4  	9 18 22 27 
M 0.1937282856196143 	61 56 	3  	2 3 13 
M 0.21975125534517692 	65 63 	25  	0 1 4 5 6 8 9 10 11 12 14 15 16 17 18 20 21 22 23 24 25 26 27 28 29 
M 0.21998102330724323 	56 39 	2  	2 13 
M 0.22156861214598256 	49 21 	1  	21 
M 0.22398958670107028 	44 0 	1  	0 
M 0.22818289946456172 	69 67 	25  	0 1 4 5 6 8 9 10 11 12 14 15 16 17 18 20 21 22 23 24 25 26 27 28 29 
M 0.23754404715884048 	63 59 	25  	0 1 4 5 6 8 9 10 11 12 14 15 16 17 18 20 21 22 23 24 25 26 27 28 29 
M 0.2414795616076445 	51 45 	4  	9 18 22 27 
M 0.2533788060389902 	60 54 	2  	7 19 
M 0.2535802256333802 	61 60 	2  	7 19 
M 0.2650055138109306 	56 3 	1  	3 
M 0.26628089660845633 	61 56 	3  	2 3 13 
M 0.27448957988965383 	75 73 	30  	0 1 2 3 4 5 6 7 8 9 10 11 12 13 14 15 16 17 18 19 20 21 22 23 24 25 26 27 28 29 
M 0.27869039394650286 	52 10 	1  	10 
M 0.2804641620519345 	66 65 	25  	0 1 4 5 6 8 9 10 11 12 14 15 16 17 18 20 21 22 23 24 25 26 27 28 29 
M 0.28263827958877963 	61 56 	3  	2 3 13 
M 0.3085775491210677 	72 70 	30  	0 1 2 3 4 5 6 7 8 9 10 11 12 13 14 15 16 17 18 19 20 21 22 23 24 25 26 27 28 29 
M 0.3107784149799957 	61 56 	3  	2 3 13 
M 0.322705885116832 	65 63 	25  	0 1 4 5 6 8 9 10 11 12 14 15 16 17 18 20 21 22 23 24 25 26 27 28 29 
M 0.33427388403381497 	66 65 	25  	0 1 4 5 6 8 9 10 11 12 14 15 16 17 18 20 21 22 23 24 25 26 27 28 29 
M 0.33960425723112675 	61 56 	3  	2 3 13 
M 0.3533384498742533 	65 63 	25  	0 1 4 5 6 8 9 10 11 12 14 15 16 17 18 20 21 22 23 24 25 26 27 28 29 
M 0.3571637264852614 	48 29 	1  	29 
> [0.37455919198026166,0.048541645168765135]  time 1  E[muts] = #mut (5)
M 0.37973107646019455 	60 54 	2  	7 19 
M 0.38725110370360155 	65 63 	25  	0 1 4 5 6 8 9 10 11 12 14 15 16 17 18 20 21 22 23 24 25 26 27 28 29 
M 0.3894989720468526 	49 17 	1  	17 
M 0.4072328143943562 	50 15 	1  	15 
M 0.41787536191324115 	44 37 	2  	8 24 
> [0.4231008371490268,0.03645874821636541]  time 1  E[muts] = #mut (9)
M 0.4243915395721724 	77 76 	30  	0 1 2 3 4 5 6 7 8 9 10 11 12 13 14 15 16 17 18 19 20 21 22 23 24 25 26 27 28 29 
M 0.4254016216185087 	47 42 	7  	4 5 6 16 23 25 28 
M 0.434010729626698 	72 70 	30  	0 1 2 3 4 5 6 7 8 9 10 11 12 13 14 15 16 17 18 19 20 21 22 23 24 25 26 27 28 29 
M 0.43559332176939436 	58 52 	12  	4 5 6 10 14 15 16 23 25 26 28 29 
M 0.44405562675344123 	70 68 	5  	2 3 7 13 19 
M 0.4468266681189299 	61 56 	3  	2 3 13 
M 0.4555201182669327 	55 11 	1  	11 
M 0.45736856842795676 	58 57 	13  	0 1 8 9 11 12 17 18 20 21 22 24 27 
M 0.4578837536727435 	77 74 	30  	0 1 2 3 4 5 6 7 8 9 10 11 12 13 14 15 16 17 18 19 20 21 22 23 24 25 26 27 28 29 
> [0.4595595853653922,0.16608335840785626]  time 1  E[muts] = #mut (26)
M 0.4617165204357545 	63 59 	25  	0 1 4 5 6 8 9 10 11 12 14 15 16 17 18 20 21 22 23 24 25 26 27 28 29 
M 0.47979876426295465 	78 73 	30  	0 1 2 3 4 5 6 7 8 9 10 11 12 13 14 15 16 17 18 19 20 21 22 23 24 25 26 27 28 29 
M 0.48547795971378027 	55 11 	1  	11 
M 0.4867295005341804 	45 38 	2  	18 27 
M 0.4895001307921722 	71 69 	25  	0 1 4 5 6 8 9 10 11 12 14 15 16 17 18 20 21 22 23 24 25 26 27 28 29 
M 0.4942242525648658 	55 11 	1  	11 
M 0.5109293331396737 	68 64 	5  	2 3 7 13 19 
M 0.5265159878494821 	55 11 	1  	11 
M 0.5323218045848996 	52 10 	1  	10 
M 0.5408391547276276 	58 57 	13  	0 1 8 9 11 12 17 18 20 21 22 24 27 
M 0.5507705326865713 	68 64 	5  	2 3 7 13 19 
M 0.5515958383324011 	56 39 	2  	2 13 
M 0.5561759949882004 	56 39 	2  	2 13 
M 0.5652875293072218 	55 11 	1  	11 
M 0.5708707972825515 	74 71 	30  	0 1 2 3 4 5 6 7 8 9 10 11 12 13 14 15 16 17 18 19 20 21 22 23 24 25 26 27 28 29 
M 0.5715392361259786 	78 73 	30  	0 1 2 3 4 5 6 7 8 9 10 11 12 13 14 15 16 17 18 19 20 21 22 23 24 25 26 27 28 29 
M 0.578179372751775 	53 51 	6  	9 17 18 21 22 27 
M 0.5812076169437961 	60 54 	2  	7 19 
M 0.5814894124182334 	37 8 	1  	8 
M 0.5891998665291034 	63 59 	25  	0 1 4 5 6 8 9 10 11 12 14 15 16 17 18 20 21 22 23 24 25 26 27 28 29 
M 0.5944966039493796 	67 66 	25  	0 1 4 5 6 8 9 10 11 12 14 15 16 17 18 20 21 22 23 24 25 26 27 28 29 
M 0.5996824482862799 	57 55 	13  	0 1 8 9 11 12 17 18 20 21 22 24 27 
M 0.614601936596479 	63 59 	25  	0 1 4 5 6 8 9 10 11 12 14 15 16 17 18 20 21 22 23 24 25 26 27 28 29 
M 0.6165967619650734 	72 70 	30  	0 1 2 3 4 5 6 7 8 9 10 11 12 13 14 15 16 17 18 19 20 21 22 23 24 25 26 27 28 29 
M 0.61748612757296 	49 17 	1  	17 
M 0.6188987302042301 	63 59 	25  	0 1 4 5 6 8 9 10 11 12 14 15 16 17 18 20 21 22 23 24 25 26 27 28 29 
> [0.6256429437732485,0.23122553596108597]  time 1  E[muts] = #mut (33)
M 0.6366163771824574 	63 59 	25  	0 1 4 5 6 8 9 10 11 12 14 15 16 17 18 20 21 22 23 24 25 26 27 28 29 
M 0.6422066783315739 	60 54 	2  	7 19 
M 0.6465456976972997 	69 67 	25  	0 1 4 5 6 8 9 10 11 12 14 15 16 17 18 20 21 22 23 24 25 26 27 28 29 
M 0.6574037272966212 	52 10 	1  	10 
M 0.6585201382258757 	70 68 	5  	2 3 7 13 19 
M 0.6687772105922637 	37 24 	1  	24 
M 0.6701927958696745 	55 11 	1  	11 
M 0.6802363552613472 	60 54 	2  	7 19 
M 0.6882718423106118 	56 3 	1  	3 
M 0.697207748083668 	66 65 	25  	0 1 4 5 6 8 9 10 11 12 14 15 16 17 18 20 21 22 23 24 25 26 27 28 29 
M 0.7080575694868321 	65 63 	25  	0 1 4 5 6 8 9 10 11 12 14 15 16 17 18 20 21 22 23 24 25 26 27 28 29 
M 0.7160439998418903 	60 54 	2  	7 19 
M 0.721100129157378 	49 21 	1  	21 
M 0.7322398160310964 	72 70 	30  	0 1 2 3 4 5 6 7 8 9 10 11 12 13 14 15 16 17 18 19 20 21 22 23 24 25 26 27 28 29 
M 0.7339785771777695 	31 4 	1  	4 
M 0.735533080724407 	60 54 	2  	7 19 
M 0.742707511493163 	60 54 	2  	7 19 
M 0.7661829252711289 	56 3 	1  	3 
M 0.7682409052065814 	43 19 	1  	19 
M 0.7693231178267296 	51 45 	4  	9 18 22 27 
M 0.778012193608773 	74 71 	30  	0 1 2 3 4 5 6 7 8 9 10 11 12 13 14 15 16 17 18 19 20 21 22 23 24 25 26 27 28 29 
M 0.7834963614142081 	68 64 	5  	2 3 7 13 19 
M 0.7846682125630869 	61 56 	3  	2 3 13 
M 0.7874390481074766 	63 59 	25  	0 1 4 5 6 8 9 10 11 12 14 15 16 17 18 20 21 22 23 24 25 26 27 28 29 
M 0.7880993439368034 	56 39 	2  	2 13 
M 0.7898069733562141 	57 55 	13  	0 1 8 9 11 12 17 18 20 21 22 24 27 
M 0.7934188514200397 	55 11 	1  	11 
M 0.8049779549862032 	63 59 	25  	0 1 4 5 6 8 9 10 11 12 14 15 16 17 18 20 21 22 23 24 25 26 27 28 29 
M 0.8115318134255793 	56 3 	1  	3 
M 0.8213674882283253 	78 73 	30  	0 1 2 3 4 5 6 7 8 9 10 11 12 13 14 15 16 17 18 19 20 21 22 23 24 25 26 27 28 29 
M 0.8304726302556132 	63 59 	25  	0 1 4 5 6 8 9 10 11 12 14 15 16 17 18 20 21 22 23 24 25 26 27 28 29 
M 0.842539663732196 	78 73 	30  	0 1 2 3 4 5 6 7 8 9 10 11 12 13 14 15 16 17 18 19 20 21 22 23 24 25 26 27 28 29 
M 0.8563620248363605 	65 63 	25  	0 1 4 5 6 8 9 10 11 12 14 15 16 17 18 20 21 22 23 24 25 26 27 28 29 
> [0.8568684797343344,0.028158738440856368]  time 1  E[muts] = #mut (5)
M 0.8618299019109261 	66 65 	25  	0 1 4 5 6 8 9 10 11 12 14 15 16 17 18 20 21 22 23 24 25 26 27 28 29 
M 0.8620075444778305 	43 7 	1  	7 
M 0.8639985037812845 	66 65 	25  	0 1 4 5 6 8 9 10 11 12 14 15 16 17 18 20 21 22 23 24 25 26 27 28 29 
M 0.8726527380124094 	49 21 	1  	21 
M 0.8849740801440062 	45 36 	2  	9 22 
> [0.8850272181751908,0.003524156192040717]  time 1  E[muts] = #mut (1)
M 0.8854766419705901 	64 54 	2  	7 19 
> [0.8885513743672315,0.03801497949464616]  time 1  E[muts] = #mut (2)
M 0.8897697977901673 	74 71 	30  	0 1 2 3 4 5 6 7 8 9 10 11 12 13 14 15 16 17 18 19 20 21 22 23 24 25 26 27 28 29 
M 0.8918441359815906 	61 56 	3  	2 3 13 
> [0.9265663538618777,0.07343364613812231]  time 1  E[muts] = #mut (14)
M 0.9301178530696984 	64 54 	2  	7 19 
M 0.9388381181096462 	49 21 	1  	21 
M 0.938940408215897 	74 71 	30  	0 1 2 3 4 5 6 7 8 9 10 11 12 13 14 15 16 17 18 19 20 21 22 23 24 25 26 27 28 29 
M 0.9394961494389638 	64 62 	5  	2 3 7 13 19 
M 0.9402560866826242 	68 64 	5  	2 3 7 13 19 
M 0.950770663307052 	55 53 	12  	0 1 8 9 12 17 18 20 21 22 24 27 
M 0.9549566994392628 	49 21 	1  	21 
M 0.9612708190691354 	46 44 	3  	0 8 24 
M 0.9755551046141612 	51 45 	4  	9 18 22 27 
M 0.9792037143603675 	64 62 	5  	2 3 7 13 19 
M 0.9841410532085261 	52 50 	11  	4 5 6 14 15 16 23 25 26 28 29 
M 0.9847713724214273 	47 33 	2  	14 26 
M 0.9916312185739256 	71 68 	5  	2 3 7 13 19 
M 0.9955565607249015 	63 59 	25  	0 1 4 5 6 8 9 10 11 12 14 15 16 17 18 20 21 22 23 24 25 26 27 28 29 
