Population 1
Number of extant units (rows): 30
Number of SNPs for each extant unit (columns): 146

0.0050 0.0102 0.0150 0.0361 0.0370 0.0410 0.0421 0.0425 0.0481 0.0561 0.0658 0.0692 0.0709 0.0753 0.0892 0.0988 0.0996 0.1056 0.1203 0.1366 0.1507 0.1523 0.1614 0.1626 0.1637 0.1816 0.1857 0.1894 0.1937 0.2198 0.2200 0.2216 0.2240 0.2282 0.2375 0.2415 0.2534 0.2536 0.2650 0.2663 0.2745 0.2787 0.2805 0.2826 0.3086 0.3108 0.3227 0.3343 0.3396 0.3533 0.3572 0.3797 0.3873 0.3895 0.4072 0.4179 0.4244 0.4254 0.4340 0.4356 0.4441 0.4468 0.4555 0.4574 0.4579 0.4617 0.4798 0.4855 0.4867 0.4895 0.4942 0.5109 0.5265 0.5323 0.5408 0.5508 0.5516 0.5562 0.5653 0.5709 0.5715 0.5782 0.5812 0.5815 0.5892 0.5945 0.5997 0.6146 0.6166 0.6175 0.6189 0.6366 0.6422 0.6465 0.6574 0.6585 0.6688 0.6702 0.6802 0.6883 0.6972 0.7081 0.7160 0.7211 0.7322 0.7340 0.7355 0.7427 0.7662 0.7682 0.7693 0.7780 0.7835 0.7847 0.7874 0.7881 0.7898 0.7934 0.8050 0.8115 0.8214 0.8305 0.8425 0.8564 0.8618 0.8620 0.8640 0.8727 0.8850 0.8855 0.8898 0.8918 0.9301 0.9388 0.9389 0.9395 0.9403 0.9508 0.9550 0.9613 0.9756 0.9792 0.9841 0.9848 0.9916 0.9956 

0 1 0 0 0 0 0 0 0 0 1 1 1 1 0 0 1 1 0 0 0 1 1 0 0 0 1 0 0 1 0 0 1 1 1 0 0 0 0 0 1 0 1 0 1 0 1 1 0 1 0 0 1 0 0 0 1 0 1 0 0 0 0 1 1 1 1 0 0 1 0 0 0 0 1 0 0 0 0 1 1 0 0 0 1 1 1 1 1 0 1 1 0 1 0 0 0 0 0 0 1 1 0 0 1 0 0 0 0 0 0 1 0 0 1 0 1 0 1 0 1 1 1 1 1 0 1 0 0 0 1 0 0 0 1 0 0 1 0 1 0 0 0 0 0 1 
0 1 0 0 0 0 0 0 0 0 1 1 1 1 0 0 1 1 0 0 0 1 1 0 0 0 0 0 0 1 0 0 0 1 1 0 0 0 0 0 1 0 1 0 1 0 1 1 0 1 0 0 1 0 0 0 1 0 1 0 0 0 0 1 1 1 1 0 0 1 0 0 0 0 1 0 0 0 0 1 1 0 0 0 1 1 1 1 1 0 1 1 0 1 0 0 0 0 0 0 1 1 0 0 1 0 0 0 0 0 0 1 0 0 1 0 1 0 1 0 1 1 1 1 1 0 1 0 0 0 1 0 0 0 1 0 0 1 0 0 0 0 0 0 0 1 
0 1 1 0 0 0 1 1 0 0 0 0 1 0 1 1 0 0 1 1 0 0 1 1 0 0 0 0 1 0 1 0 0 0 0 0 0 0 0 1 1 0 0 1 1 1 0 0 1 0 0 0 0 0 0 0 1 0 1 0 1 1 0 0 1 0 1 0 0 0 0 1 0 0 0 1 1 1 0 1 1 0 0 0 0 0 0 0 1 0 0 0 0 0 0 1 0 0 0 0 0 0 0 0 1 0 0 0 0 0 0 1 1 1 0 1 0 0 0 0 1 0 1 0 0 0 0 0 0 0 1 1 0 0 1 1 1 0 0 0 0 1 0 0 1 0 
0 1 1 0 0 1 1 1 0 0 0 0 1 0 1 1 0 0 1 1 0 0 1 1 0 0 0 0 1 0 0 0 0 0 0 0 0 0 1 1 1 0 0 1 1 1 0 0 1 0 0 0 0 0 0 0 1 0 1 0 1 1 0 0 1 0 1 0 0 0 0 1 0 0 0 1 0 0 0 1 1 0 0 0 0 0 0 0 1 0 0 0 0 0 0 1 0 0 0 1 0 0 0 0 1 0 0 0 1 0 0 1 1 1 0 0 0 0 0 1 1 0 1 0 0 0 0 0 0 0 1 1 0 0 1 1 1 0 0 0 0 1 0 0 1 0 
1 1 0 0 0 0 0 0 0 0 1 1 1 1 0 0 0 1 0 0 0 1 1 0 0 0 0 0 0 1 0 0 0 1 1 0 0 0 0 0 1 0 1 0 1 0 1 1 0 1 0 0 1 0 0 0 1 1 1 1 0 0 0 0 1 1 1 0 0 1 0 0 0 0 0 0 0 0 0 1 1 0 0 0 1 1 0 1 1 0 1 1 0 1 0 0 0 0 0 0 1 1 0 0 1 1 0 0 0 0 0 1 0 0 1 0 0 0 1 0 1 1 1 1 1 0 1 0 0 0 1 0 0 0 1 0 0 0 0 0 0 0 1 0 0 1 
1 1 0 0 0 0 0 0 0 0 1 1 1 1 0 0 0 1 0 0 0 1 1 0 0 0 0 0 0 1 0 0 0 1 1 0 0 0 0 0 1 0 1 0 1 0 1 1 0 1 0 0 1 0 0 0 1 1 1 1 0 0 0 0 1 1 1 0 0 1 0 0 0 0 0 0 0 0 0 1 1 0 0 0 1 1 0 1 1 0 1 1 0 1 0 0 0 0 0 0 1 1 0 0 1 0 0 0 0 0 0 1 0 0 1 0 0 0 1 0 1 1 1 1 1 0 1 0 0 0 1 0 0 0 1 0 0 0 0 0 0 0 1 0 0 1 
1 1 0 0 0 0 0 0 0 0 1 1 1 1 0 0 0 1 0 0 0 1 1 0 0 0 0 0 0 1 0 0 0 1 1 0 0 0 0 0 1 0 1 0 1 0 1 1 0 1 0 0 1 0 0 0 1 1 1 1 0 0 0 0 1 1 1 0 0 1 0 0 0 0 0 0 0 0 0 1 1 0 0 0 1 1 0 1 1 0 1 1 0 1 0 0 0 0 0 0 1 1 0 0 1 0 0 0 0 0 0 1 0 0 1 0 0 0 1 0 1 1 1 1 1 0 1 0 0 0 1 0 0 0 1 0 0 0 0 0 0 0 1 0 0 1 
0 1 1 1 1 0 1 1 0 1 0 0 1 0 1 0 0 0 1 0 1 0 1 0 0 1 0 0 0 0 0 0 0 0 0 0 1 1 0 0 1 0 0 0 1 0 0 0 0 0 0 1 0 0 0 0 1 0 1 0 1 0 0 0 1 0 1 0 0 0 0 1 0 0 0 1 0 0 0 1 1 0 1 0 0 0 0 0 1 0 0 0 1 0 0 1 0 0 1 0 0 0 1 0 1 0 1 1 0 0 0 1 1 0 0 0 0 0 0 0 1 0 1 0 0 1 0 0 0 1 1 0 1 0 1 1 1 0 0 0 0 1 0 0 1 0 
0 1 0 0 0 0 0 0 0 0 1 1 1 1 0 0 1 1 0 0 0 1 1 0 0 0 0 0 0 1 0 0 0 1 1 0 0 0 0 0 1 0 1 0 1 0 1 1 0 1 0 0 1 0 0 1 1 0 1 0 0 0 0 1 1 1 1 0 0 1 0 0 0 0 1 0 0 0 0 1 1 0 0 1 1 1 1 1 1 0 1 1 0 1 0 0 0 0 0 0 1 1 0 0 1 0 0 0 0 0 0 1 0 0 1 0 1 0 1 0 1 1 1 1 1 0 1 0 0 0 1 0 0 0 1 0 0 1 0 1 0 0 0 0 0 1 
0 1 0 0 0 0 0 0 0 0 1 1 1 1 0 0 1 1 0 0 0 1 1 0 0 0 0 1 0 1 0 0 0 1 1 1 0 0 0 0 1 0 1 0 1 0 1 1 0 1 0 0 1 0 0 0 1 0 1 0 0 0 0 1 1 1 1 0 0 1 0 0 0 0 1 0 0 0 0 1 1 1 0 0 1 1 1 1 1 0 1 1 0 1 0 0 0 0 0 0 1 1 0 0 1 0 0 0 0 0 1 1 0 0 1 0 1 0 1 0 1 1 1 1 1 0 1 0 1 0 1 0 0 0 1 0 0 1 0 0 1 0 0 0 0 1 
1 1 0 0 0 0 0 0 0 0 1 1 1 1 0 0 0 1 0 0 0 1 1 0 0 0 0 0 0 1 0 0 0 1 1 0 0 0 0 0 1 1 1 0 1 0 1 1 0 1 0 0 1 0 0 0 1 0 1 1 0 0 0 0 1 1 1 0 0 1 0 0 0 1 0 0 0 0 0 1 1 0 0 0 1 1 0 1 1 0 1 1 0 1 1 0 0 0 0 0 1 1 0 0 1 0 0 0 0 0 0 1 0 0 1 0 0 0 1 0 1 1 1 1 1 0 1 0 0 0 1 0 0 0 1 0 0 0 0 0 0 0 0 0 0 1 
0 1 0 0 0 0 0 0 0 0 1 1 1 1 0 0 1 1 0 0 0 1 1 0 0 0 0 0 0 1 0 0 0 1 1 0 0 0 0 0 1 0 1 0 1 0 1 1 0 1 0 0 1 0 0 0 1 0 1 0 0 0 1 1 1 1 1 1 0 1 1 0 1 0 1 0 0 0 1 1 1 0 0 0 1 1 1 1 1 0 1 1 0 1 0 0 0 1 0 0 1 1 0 0 1 0 0 0 0 0 0 1 0 0 1 0 1 1 1 0 1 1 1 1 1 0 1 0 0 0 1 0 0 0 1 0 0 0 0 0 0 0 0 0 0 1 
0 1 0 0 0 0 0 0 0 0 1 1 1 1 0 0 1 1 0 0 0 1 1 0 0 0 0 0 0 1 0 0 0 1 1 0 0 0 0 0 1 0 1 0 1 0 1 1 0 1 0 0 1 0 0 0 1 0 1 0 0 0 0 1 1 1 1 0 0 1 0 0 0 0 1 0 0 0 0 1 1 0 0 0 1 1 1 1 1 0 1 1 0 1 0 0 0 0 0 0 1 1 0 0 1 0 0 0 0 0 0 1 0 0 1 0 1 0 1 0 1 1 1 1 1 0 1 0 0 0 1 0 0 0 1 0 0 1 0 0 0 0 0 0 0 1 
0 1 1 0 0 0 1 1 0 0 0 0 1 0 1 1 0 0 1 1 0 0 1 1 0 0 0 0 1 0 1 0 0 0 0 0 0 0 0 1 1 0 0 1 1 1 0 0 1 0 0 0 0 0 0 0 1 0 1 0 1 1 0 0 1 0 1 0 0 0 0 1 0 0 0 1 1 1 0 1 1 0 0 0 0 0 0 0 1 0 0 0 0 0 0 1 0 0 0 0 0 0 0 0 1 0 0 0 0 0 0 1 1 1 0 1 0 0 0 0 1 0 1 0 0 0 0 0 0 0 1 1 0 0 1 1 1 0 0 0 0 1 0 0 1 0 
1 1 0 0 0 0 0 0 0 0 1 1 1 1 0 0 0 1 0 0 0 1 1 0 0 0 0 0 0 1 0 0 0 1 1 0 0 0 0 0 1 0 1 0 1 0 1 1 0 1 0 0 1 0 0 0 1 0 1 1 0 0 0 0 1 1 1 0 0 1 0 0 0 0 0 0 0 0 0 1 1 0 0 0 1 1 0 1 1 0 1 1 0 1 0 0 0 0 0 0 1 1 0 0 1 0 0 0 0 0 0 1 0 0 1 0 0 0 1 0 1 1 1 1 1 0 1 0 0 0 1 0 0 0 1 0 0 0 0 0 0 0 1 1 0 1 
1 1 0 0 0 0 0 0 0 0 1 1 1 1 0 0 0 1 0 0 0 1 1 0 0 0 0 0 0 1 0 0 0 1 1 0 0 0 0 0 1 0 1 0 1 0 1 1 0 1 0 0 1 0 1 0 1 0 1 1 0 0 0 0 1 1 1 0 0 1 0 0 0 0 0 0 0 0 0 1 1 0 0 0 1 1 0 1 1 0 1 1 0 1 0 0 0 0 0 0 1 1 0 0 1 0 0 0 0 0 0 1 0 0 1 0 0 0 1 0 1 1 1 1 1 0 1 0 0 0 1 0 0 0 1 0 0 0 0 0 0 0 1 0 0 1 
1 1 0 0 0 0 0 0 0 0 1 1 1 1 0 0 0 1 0 0 0 1 1 0 1 0 0 0 0 1 0 0 0 1 1 0 0 0 0 0 1 0 1 0 1 0 1 1 0 1 0 0 1 0 0 0 1 1 1 1 0 0 0 0 1 1 1 0 0 1 0 0 0 0 0 0 0 0 0 1 1 0 0 0 1 1 0 1 1 0 1 1 0 1 0 0 0 0 0 0 1 1 0 0 1 0 0 0 0 0 0 1 0 0 1 0 0 0 1 0 1 1 1 1 1 0 1 0 0 0 1 0 0 0 1 0 0 0 0 0 0 0 1 0 0 1 
0 1 0 0 0 0 0 0 0 0 1 1 1 1 0 0 1 1 0 0 0 1 1 0 0 0 0 0 0 1 0 0 0 1 1 0 0 0 0 0 1 0 1 0 1 0 1 1 0 1 0 0 1 1 0 0 1 0 1 0 0 0 0 1 1 1 1 0 0 1 0 0 0 0 1 0 0 0 0 1 1 1 0 0 1 1 1 1 1 1 1 1 0 1 0 0 0 0 0 0 1 1 0 0 1 0 0 0 0 0 0 1 0 0 1 0 1 0 1 0 1 1 1 1 1 0 1 0 0 0 1 0 0 0 1 0 0 1 0 0 0 0 0 0 0 1 
0 1 0 0 0 0 0 0 0 0 1 1 1 1 0 0 1 1 0 0 0 1 1 0 0 0 0 1 0 1 0 0 0 1 1 1 0 0 0 0 1 0 1 0 1 0 1 1 0 1 0 0 1 0 0 0 1 0 1 0 0 0 0 1 1 1 1 0 1 1 0 0 0 0 1 0 0 0 0 1 1 1 0 0 1 1 1 1 1 0 1 1 0 1 0 0 0 0 0 0 1 1 0 0 1 0 0 0 0 0 1 1 0 0 1 0 1 0 1 0 1 1 1 1 1 0 1 0 0 0 1 0 0 0 1 0 0 1 0 0 1 0 0 0 0 1 
0 1 1 1 1 0 1 1 0 0 0 0 1 0 1 0 0 0 1 0 1 0 1 0 0 1 0 0 0 0 0 0 0 0 0 0 1 1 0 0 1 0 0 0 1 0 0 0 0 0 0 1 0 0 0 0 1 0 1 0 1 0 0 0 1 0 1 0 0 0 0 1 0 0 0 1 0 0 0 1 1 0 1 0 0 0 0 0 1 0 0 0 1 0 0 1 0 0 1 0 0 0 1 0 1 0 1 1 0 1 0 1 1 0 0 0 0 0 0 0 1 0 1 0 0 0 0 0 0 1 1 0 1 0 1 1 1 0 0 0 0 1 0 0 1 0 
0 1 0 0 0 0 0 0 0 0 1 1 1 1 0 0 1 1 0 0 0 1 1 0 0 0 0 0 0 1 0 0 0 1 1 0 0 0 0 0 1 0 1 0 1 0 1 1 0 1 0 0 1 0 0 0 1 0 1 0 0 0 0 1 1 1 1 0 0 1 0 0 0 0 1 0 0 0 0 1 1 0 0 0 1 1 1 1 1 0 1 1 0 1 0 0 0 0 0 0 1 1 0 0 1 0 0 0 0 0 0 1 0 0 1 0 1 0 1 0 1 1 1 1 1 0 1 0 0 0 1 0 0 0 1 0 0 1 0 0 0 0 0 0 0 1 
0 1 0 0 0 0 0 0 0 0 1 1 1 1 0 0 1 1 0 0 0 1 1 0 0 0 0 0 0 1 0 1 0 1 1 0 0 0 0 0 1 0 1 0 1 0 1 1 0 1 0 0 1 0 0 0 1 0 1 0 0 0 0 1 1 1 1 0 0 1 0 0 0 0 1 0 0 0 0 1 1 1 0 0 1 1 1 1 1 0 1 1 0 1 0 0 0 0 0 0 1 1 0 1 1 0 0 0 0 0 0 1 0 0 1 0 1 0 1 0 1 1 1 1 1 0 1 1 0 0 1 0 0 1 1 0 0 1 1 0 0 0 0 0 0 1 
0 1 0 0 0 0 0 0 0 0 1 1 1 1 0 0 1 1 0 0 0 1 1 0 0 0 0 1 0 1 0 0 0 1 1 1 0 0 0 0 1 0 1 0 1 0 1 1 0 1 0 0 1 0 0 0 1 0 1 0 0 0 0 1 1 1 1 0 0 1 0 0 0 0 1 0 0 0 0 1 1 1 0 0 1 1 1 1 1 0 1 1 0 1 0 0 0 0 0 0 1 1 0 0 1 0 0 0 0 0 1 1 0 0 1 0 1 0 1 0 1 1 1 1 1 0 1 0 1 0 1 0 0 0 1 0 0 1 0 0 1 0 0 0 0 1 
1 1 0 0 0 0 0 0 0 0 1 1 1 1 0 0 0 1 0 0 0 1 1 0 1 0 0 0 0 1 0 0 0 1 1 0 0 0 0 0 1 0 1 0 1 0 1 1 0 1 0 0 1 0 0 0 1 1 1 1 0 0 0 0 1 1 1 0 0 1 0 0 0 0 0 0 0 0 0 1 1 0 0 0 1 1 0 1 1 0 1 1 0 1 0 0 0 0 0 0 1 1 0 0 1 0 0 0 0 0 0 1 0 0 1 0 0 0 1 0 1 1 1 1 1 0 1 0 0 0 1 0 0 0 1 0 0 0 0 0 0 0 1 0 0 1 
0 1 0 0 0 0 0 0 0 0 1 1 1 1 0 0 1 1 0 0 0 1 1 0 0 0 0 0 0 1 0 0 0 1 1 0 0 0 0 0 1 0 1 0 1 0 1 1 0 1 0 0 1 0 0 1 1 0 1 0 0 0 0 1 1 1 1 0 0 1 0 0 0 0 1 0 0 0 0 1 1 0 0 0 1 1 1 1 1 0 1 1 0 1 0 0 1 0 0 0 1 1 0 0 1 0 0 0 0 0 0 1 0 0 1 0 1 0 1 0 1 1 1 1 1 0 1 0 0 0 1 0 0 0 1 0 0 1 0 1 0 0 0 0 0 1 
1 1 0 0 0 0 0 0 0 0 1 1 1 1 0 0 0 1 0 0 0 1 1 0 0 0 0 0 0 1 0 0 0 1 1 0 0 0 0 0 1 0 1 0 1 0 1 1 0 1 0 0 1 0 0 0 1 1 1 1 0 0 0 0 1 1 1 0 0 1 0 0 0 0 0 0 0 0 0 1 1 0 0 0 1 1 0 1 1 0 1 1 0 1 0 0 0 0 0 0 1 1 0 0 1 0 0 0 0 0 0 1 0 0 1 0 0 0 1 0 1 1 1 1 1 0 1 0 0 0 1 0 0 0 1 0 0 0 0 0 0 0 1 0 0 1 
1 1 0 0 0 0 0 0 0 0 1 1 1 1 0 0 0 1 0 0 0 1 1 0 0 0 0 0 0 1 0 0 0 1 1 0 0 0 0 0 1 0 1 0 1 0 1 1 0 1 0 0 1 0 0 0 1 0 1 1 0 0 0 0 1 1 1 0 0 1 0 0 0 0 0 0 0 0 0 1 1 0 0 0 1 1 0 1 1 0 1 1 0 1 0 0 0 0 0 0 1 1 0 0 1 0 0 0 0 0 0 1 0 0 1 0 0 0 1 0 1 1 1 1 1 0 1 0 0 0 1 0 0 0 1 0 0 0 0 0 0 0 1 1 0 1 
0 1 0 0 0 0 0 0 0 0 1 1 1 1 0 0 1 1 0 0 0 1 1 0 0 0 0 1 0 1 0 0 0 1 1 1 0 0 0 0 1 0 1 0 1 0 1 1 0 1 0 0 1 0 0 0 1 0 1 0 0 0 0 1 1 1 1 0 1 1 0 0 0 0 1 0 0 0 0 1 1 1 0 0 1 1 1 1 1 0 1 1 0 1 0 0 0 0 0 0 1 1 0 0 1 0 0 0 0 0 1 1 0 0 1 0 1 0 1 0 1 1 1 1 1 0 1 0 0 0 1 0 0 0 1 0 0 1 0 0 1 0 0 0 0 1 
1 1 0 0 0 0 0 0 0 0 1 1 1 1 0 0 0 1 0 0 0 1 1 0 1 0 0 0 0 1 0 0 0 1 1 0 0 0 0 0 1 0 1 0 1 0 1 1 0 1 0 0 1 0 0 0 1 1 1 1 0 0 0 0 1 1 1 0 0 1 0 0 0 0 0 0 0 0 0 1 1 0 0 0 1 1 0 1 1 0 1 1 0 1 0 0 0 0 0 0 1 1 0 0 1 0 0 0 0 0 0 1 0 0 1 0 0 0 1 0 1 1 1 1 1 0 1 0 0 0 1 0 0 0 1 0 0 0 0 0 0 0 1 0 0 1 
1 1 0 0 0 0 0 0 1 0 1 1 1 1 0 0 0 1 0 0 0 1 1 0 0 0 0 0 0 1 0 0 0 1 1 0 0 0 0 0 1 0 1 0 1 0 1 1 0 1 1 0 1 0 0 0 1 0 1 1 0 0 0 0 1 1 1 0 0 1 0 0 0 0 0 0 0 0 0 1 1 0 0 0 1 1 0 1 1 0 1 1 0 1 0 0 0 0 0 0 1 1 0 0 1 0 0 0 0 0 0 1 0 0 1 0 0 0 1 0 1 1 1 1 1 0 1 0 0 0 1 0 0 0 1 0 0 0 0 0 0 0 1 0 0 1 
