9	-3	24	10	18	0	5	16	8	9	15	19	9	23	-7	18	18	18	19	14	5	4	3	14	4	10	16	9	4	7	6	4	26	18	19	8	13	9	9	14	
9	-3	24	10	18	0	5	16	8	9	15	19	9	23	-7	18	18	18	19	14	5	4	3	14	4	10	16	9	4	7	6	4	26	18	19	8	13	9	9	14	
9	-3	24	10	18	0	5	16	8	9	15	19	9	23	-7	18	18	18	19	14	5	4	3	14	4	10	16	9	4	7	6	4	26	18	19	8	13	9	9	14	
9	-3	24	10	18	0	5	16	8	9	15	19	9	23	-7	18	18	18	19	14	5	4	3	14	4	10	16	9	4	7	6	4	26	18	19	8	13	9	9	14	
9	-3	24	10	18	0	5	16	8	9	15	19	9	23	-7	18	18	18	19	14	5	4	3	14	4	10	16	9	4	7	6	4	26	18	19	8	13	9	9	14	
9	-3	24	10	18	0	5	16	8	9	15	19	9	23	-7	18	18	18	19	14	5	4	3	14	4	10	16	9	4	7	6	4	26	18	19	8	13	9	9	14	
9	-3	24	10	18	0	5	16	8	9	15	19	9	23	-7	18	18	18	19	14	5	4	3	14	4	10	16	9	4	7	6	4	26	18	19	8	13	9	9	14	
9	-3	24	10	18	0	5	16	8	9	15	19	9	23	-7	18	18	18	19	14	5	4	3	14	4	10	16	9	4	7	6	4	26	18	19	8	13	9	9	14	
9	-3	24	10	18	0	5	16	8	9	15	19	9	23	-7	18	18	18	19	14	5	4	3	14	4	10	16	9	4	7	6	4	26	18	19	8	13	9	9	14	
9	-3	24	10	18	0	5	16	8	9	15	19	9	23	-7	18	18	18	19	14	5	4	3	14	4	10	16	9	4	7	6	4	26	18	19	8	13	9	9	14	
9	-3	24	10	18	0	5	16	8	9	15	19	9	23	-7	18	18	18	19	14	5	4	3	14	4	10	16	9	4	7	6	4	26	18	19	8	13	9	9	14	
-1	7	42	20	-7	35	5	9	-8	35	-7	11	16	5	25	25	5	23	21	8	-14	5	17	1	-1	-5	15	-1	23	14	0	5	-5	-8	-3	21	5	12	18	-18	
9	-3	24	10	18	0	5	16	8	9	15	19	9	23	-7	18	18	18	19	14	5	4	3	14	4	10	16	9	4	7	6	4	26	18	19	8	13	9	9	14	
9	-3	24	10	18	0	5	16	8	9	15	19	9	23	-7	18	18	18	19	14	5	4	3	14	4	10	16	9	4	7	6	4	26	18	19	8	13	9	9	14	
9	-3	24	10	18	0	5	16	8	9	15	19	9	23	-7	18	18	18	19	14	5	4	3	14	4	10	16	9	4	7	6	4	26	18	19	8	13	9	9	14	
9	-3	24	10	18	0	5	16	8	9	15	19	9	23	-7	18	18	18	19	14	5	4	3	14	4	10	16	9	4	7	6	4	26	18	19	8	13	9	9	14	
9	-3	24	10	18	0	5	16	8	9	15	19	9	23	-7	18	18	18	19	14	5	4	3	14	4	10	16	9	4	7	6	4	26	18	19	8	13	9	9	14	
9	-3	24	10	18	0	5	16	8	9	15	19	9	23	-7	18	18	18	19	14	5	4	3	14	4	10	16	9	4	7	6	4	26	18	19	8	13	9	9	14	
9	-3	24	10	18	0	5	16	8	9	15	19	9	23	-7	18	18	18	19	14	5	4	3	14	4	10	16	9	4	7	6	4	26	18	19	8	13	9	9	14	
9	-3	24	10	18	0	5	16	8	9	15	19	9	23	-7	18	18	18	19	14	5	4	3	14	4	10	16	9	4	7	6	4	26	18	19	8	13	9	9	14	
9	-3	24	10	18	0	5	16	8	9	15	19	9	23	-7	18	18	18	19	14	5	4	3	14	4	10	16	9	4	7	6	4	26	18	19	8	13	9	9	14	
9	-3	24	10	18	0	5	16	8	9	15	19	9	23	-7	18	18	18	19	14	5	4	3	14	4	10	16	9	4	7	6	4	26	18	19	8	13	9	9	14	
9	-3	24	10	18	0	5	16	8	9	15	19	9	23	-7	18	18	18	19	14	5	4	3	14	4	10	16	9	4	7	6	4	26	18	19	8	13	9	9	14	
9	-3	24	10	18	0	5	16	8	9	15	19	9	23	-7	18	18	18	19	14	5	4	3	14	4	10	16	9	4	7	6	4	26	18	19	8	13	9	9	14	
9	-3	24	10	18	0	5	16	8	9	15	19	9	23	-7	18	18	18	19	14	5	4	3	14	4	10	16	9	4	7	6	4	26	18	19	8	13	9	9	14	
9	-3	24	10	18	0	5	16	8	9	15	19	9	23	-7	18	18	18	19	14	5	4	3	14	4	10	16	9	4	7	6	4	26	18	19	8	13	9	9	14	
9	-3	24	10	18	0	5	16	8	9	15	19	9	23	-7	18	18	18	19	14	5	4	3	14	4	10	16	9	4	7	6	4	26	18	19	8	13	9	9	14	
9	-3	24	10	18	0	5	16	8	9	15	19	9	23	-7	18	18	18	19	14	5	4	3	14	4	10	16	9	4	7	6	4	26	18	19	8	13	9	9	14	
9	-3	24	10	18	0	5	16	8	9	15	19	9	23	-7	18	18	18	19	14	5	4	3	14	4	10	16	9	4	7	6	4	26	18	19	8	13	9	9	14	
9	-3	24	10	18	0	5	16	8	9	15	19	9	23	-7	18	18	18	19	14	5	4	3	14	4	10	16	9	4	7	6	4	26	18	19	8	13	9	9	14	
9	-3	24	10	18	0	5	16	8	9	15	19	9	23	-7	18	18	18	19	14	5	4	3	14	4	10	16	9	4	7	6	4	26	18	19	8	13	9	9	14	
9	-3	24	10	18	0	5	16	8	9	15	19	9	23	-7	18	18	18	19	14	5	4	3	14	4	10	16	9	4	7	6	4	26	18	19	8	13	9	9	14	
9	-3	24	10	18	0	5	16	8	9	15	19	9	23	-7	18	18	18	19	14	5	4	3	14	4	10	16	9	4	7	6	4	26	18	19	8	13	9	9	14	
9	-3	24	10	18	0	5	16	8	9	15	19	9	23	-7	18	18	18	19	14	5	4	3	14	4	10	16	9	4	7	6	4	26	18	19	8	13	9	9	14	
9	-3	24	10	18	0	5	16	8	9	15	19	9	23	-7	18	18	18	19	14	5	4	3	14	4	10	16	9	4	7	6	4	26	18	19	8	13	9	9	14	
-1	7	42	20	-7	35	5	9	-8	35	-7	11	16	5	25	25	5	23	21	8	-14	5	17	1	-1	-5	15	-1	23	14	0	5	-5	-8	-3	21	5	12	18	-18	
9	-3	24	10	18	0	5	16	8	9	15	19	9	23	-7	18	18	18	19	14	5	4	3	14	4	10	16	9	4	7	6	4	26	18	19	8	13	9	9	14	
9	-3	24	10	18	0	5	16	8	9	15	19	9	23	-7	18	18	18	19	14	5	4	3	14	4	10	16	9	4	7	6	4	26	18	19	8	13	9	9	14	
9	-3	24	10	18	0	5	16	8	9	15	19	9	23	-7	18	18	18	19	14	5	4	3	14	4	10	16	9	4	7	6	4	26	18	19	8	13	9	9	14	
9	-3	24	10	18	0	5	16	8	9	15	19	9	23	-7	18	18	18	19	14	5	4	3	14	4	10	16	9	4	7	6	4	26	18	19	8	13	9	9	14	
9	-3	24	10	18	0	5	16	8	9	15	19	9	23	-7	18	18	18	19	14	5	4	3	14	4	10	16	9	4	7	6	4	26	18	19	8	13	9	9	14	
9	-3	24	10	18	0	5	16	8	9	15	19	9	23	-7	18	18	18	19	14	5	4	3	14	4	10	16	9	4	7	6	4	26	18	19	8	13	9	9	14	
9	-3	24	10	18	0	5	16	8	9	15	19	9	23	-7	18	18	18	19	14	5	4	3	14	4	10	16	9	4	7	6	4	26	18	19	8	13	9	9	14	
-1	7	42	20	-7	35	5	9	-8	35	-7	11	16	5	25	25	5	23	21	8	-14	5	17	1	-1	-5	15	-1	23	14	0	5	-5	-8	-3	21	5	12	18	-18	
9	-3	24	10	18	0	5	16	8	9	15	19	9	23	-7	18	18	18	19	14	5	4	3	14	4	10	16	9	4	7	6	4	26	18	19	8	13	9	9	14	
9	-3	24	10	18	0	5	16	8	9	15	19	9	23	-7	18	18	18	19	14	5	4	3	14	4	10	16	9	4	7	6	4	26	18	19	8	13	9	9	14	
-1	7	42	20	-7	35	5	9	-8	35	-7	11	16	5	25	25	5	23	21	8	-14	5	17	1	-1	-5	15	-1	23	14	0	5	-5	-8	-3	21	5	12	18	-18	
9	-3	24	10	18	0	5	16	8	9	15	19	9	23	-7	18	18	18	19	14	5	4	3	14	4	10	16	9	4	7	6	4	26	18	19	8	13	9	9	14	
9	-3	24	10	18	0	5	16	8	9	15	19	9	23	-7	18	18	18	19	14	5	4	3	14	4	10	16	9	4	7	6	4	26	18	19	8	13	9	9	14	
-1	7	42	20	-7	35	5	9	-8	35	-7	11	16	5	25	25	5	23	21	8	-14	5	17	1	-1	-5	15	-1	23	14	0	5	-5	-8	-3	21	5	12	18	-18	
