-49	-42	24	38	32	51	10	25	14	33	-4	30	-12	53	51	17	21	24	-6	47	26	57	-8	18	-7	-45	-39	49	40	20	-12	35	29	13	44	16	6	41	-25	16	
-49	-42	24	38	32	51	10	25	14	33	-4	30	-12	53	51	17	21	24	-6	47	26	57	-8	18	-7	-45	-39	49	40	20	-12	35	29	13	44	16	6	41	-25	16	
-49	-42	24	38	32	51	10	25	14	33	-4	30	-12	53	51	17	21	24	-6	47	26	57	-8	18	-7	-45	-39	49	40	20	-12	35	29	13	44	16	6	41	-25	16	
-49	-42	24	38	32	51	10	25	14	33	-4	30	-12	53	51	17	21	24	-6	47	26	57	-8	18	-7	-45	-39	49	40	20	-12	35	29	13	44	16	6	41	-25	16	
-49	-42	24	38	32	51	10	25	14	33	-4	30	-12	53	51	17	21	24	-6	47	26	57	-8	18	-7	-45	-39	49	40	20	-12	35	29	13	44	16	6	41	-25	16	
-49	-42	24	38	32	51	10	25	14	33	-4	30	-12	53	51	17	21	24	-6	47	26	57	-8	18	-7	-45	-39	49	40	20	-12	35	29	13	44	16	6	41	-25	16	
-49	-42	24	38	32	51	10	25	14	33	-4	30	-12	53	51	17	21	24	-6	47	26	57	-8	18	-7	-45	-39	49	40	20	-12	35	29	13	44	16	6	41	-25	16	
-49	-42	24	38	32	51	10	25	14	33	-4	30	-12	53	51	17	21	24	-6	47	26	57	-8	18	-7	-45	-39	49	40	20	-12	35	29	13	44	16	6	41	-25	16	
-49	-42	24	38	32	51	10	25	14	33	-4	30	-12	53	51	17	21	24	-6	47	26	57	-8	18	-7	-45	-39	49	40	20	-12	35	29	13	44	16	6	41	-25	16	
-49	-42	24	38	32	51	10	25	14	33	-4	30	-12	53	51	17	21	24	-6	47	26	57	-8	18	-7	-45	-39	49	40	20	-12	35	29	13	44	16	6	41	-25	16	
-49	-42	24	38	32	51	10	25	14	33	-4	30	-12	53	51	17	21	24	-6	47	26	57	-8	18	-7	-45	-39	49	40	20	-12	35	29	13	44	16	6	41	-25	16	
-49	-42	24	38	32	51	10	25	14	33	-4	30	-12	53	51	17	21	24	-6	47	26	57	-8	18	-7	-45	-39	49	40	20	-12	35	29	13	44	16	6	41	-25	16	
-49	-42	24	38	32	51	10	25	14	33	-4	30	-12	53	51	17	21	24	-6	47	26	57	-8	18	-7	-45	-39	49	40	20	-12	35	29	13	44	16	6	41	-25	16	
-49	-42	24	38	32	51	10	25	14	33	-4	30	-12	53	51	17	21	24	-6	47	26	57	-8	18	-7	-45	-39	49	40	20	-12	35	29	13	44	16	6	41	-25	16	
-49	-42	24	38	32	51	10	25	14	33	-4	30	-12	53	51	17	21	24	-6	47	26	57	-8	18	-7	-45	-39	49	40	20	-12	35	29	13	44	16	6	41	-25	16	
-49	-42	24	38	32	51	10	25	14	33	-4	30	-12	53	51	17	21	24	-6	47	26	57	-8	18	-7	-45	-39	49	40	20	-12	35	29	13	44	16	6	41	-25	16	
-49	-42	24	38	32	51	10	25	14	33	-4	30	-12	53	51	17	21	24	-6	47	26	57	-8	18	-7	-45	-39	49	40	20	-12	35	29	13	44	16	6	41	-25	16	
-49	-42	24	38	32	51	10	25	14	33	-4	30	-12	53	51	17	21	24	-6	47	26	57	-8	18	-7	-45	-39	49	40	20	-12	35	29	13	44	16	6	41	-25	16	
-49	-42	24	38	32	51	10	25	14	33	-4	30	-12	53	51	17	21	24	-6	47	26	57	-8	18	-7	-45	-39	49	40	20	-12	35	29	13	44	16	6	41	-25	16	
-49	-42	24	38	32	51	10	25	14	33	-4	30	-12	53	51	17	21	24	-6	47	26	57	-8	18	-7	-45	-39	49	40	20	-12	35	29	13	44	16	6	41	-25	16	
-49	-42	24	38	32	51	10	25	14	33	-4	30	-12	53	51	17	21	24	-6	47	26	57	-8	18	-7	-45	-39	49	40	20	-12	35	29	13	44	16	6	41	-25	16	
-49	-42	24	38	32	51	10	25	14	33	-4	30	-12	53	51	17	21	24	-6	47	26	57	-8	18	-7	-45	-39	49	40	20	-12	35	29	13	44	16	6	41	-25	16	
-49	-42	24	38	32	51	10	25	14	33	-4	30	-12	53	51	17	21	24	-6	47	26	57	-8	18	-7	-45	-39	49	40	20	-12	35	29	13	44	16	6	41	-25	16	
-49	-42	24	38	32	51	10	25	14	33	-4	30	-12	53	51	17	21	24	-6	47	26	57	-8	18	-7	-45	-39	49	40	20	-12	35	29	13	44	16	6	41	-25	16	
-49	-42	24	38	32	51	10	25	14	33	-4	30	-12	53	51	17	21	24	-6	47	26	57	-8	18	-7	-45	-39	49	40	20	-12	35	29	13	44	16	6	41	-25	16	
-49	-42	24	38	32	51	10	25	14	33	-4	30	-12	53	51	17	21	24	-6	47	26	57	-8	18	-7	-45	-39	49	40	20	-12	35	29	13	44	16	6	41	-25	16	
-49	-42	24	38	32	51	10	25	14	33	-4	30	-12	53	51	17	21	24	-6	47	26	57	-8	18	-7	-45	-39	49	40	20	-12	35	29	13	44	16	6	41	-25	16	
-49	-42	24	38	32	51	10	25	14	33	-4	30	-12	53	51	17	21	24	-6	47	26	57	-8	18	-7	-45	-39	49	40	20	-12	35	29	13	44	16	6	41	-25	16	
-49	-42	24	38	32	51	10	25	14	33	-4	30	-12	53	51	17	21	24	-6	47	26	57	-8	18	-7	-45	-39	49	40	20	-12	35	29	13	44	16	6	41	-25	16	
-49	-42	24	38	32	51	10	25	14	33	-4	30	-12	53	51	17	21	24	-6	47	26	57	-8	18	-7	-45	-39	49	40	20	-12	35	29	13	44	16	6	41	-25	16	
