18	-15	0	31	-12	13	7	6	4	-11	-5	-8	19	6	-1	30	-18	19	32	9	21	4	24	-7	17	25	2	10	21	6	8	2	23	3	20	3	14	-1	9	-8	
18	-15	0	31	-12	13	7	6	4	-11	-5	-8	19	6	-1	30	-18	19	32	9	21	4	24	-7	17	25	2	10	21	6	8	2	23	3	20	3	14	-1	9	-8	
18	-15	0	31	-12	13	7	6	4	-11	-5	-8	19	6	-1	30	-18	19	32	9	21	4	24	-7	17	25	2	10	21	6	8	2	23	3	20	3	14	-1	9	-8	
18	-15	0	31	-12	13	7	6	4	-11	-5	-8	19	6	-1	30	-18	19	32	9	21	4	24	-7	17	25	2	10	21	6	8	2	23	3	20	3	14	-1	9	-8	
18	-15	0	31	-12	13	7	6	4	-11	-5	-8	19	6	-1	30	-18	19	32	9	21	4	24	-7	17	25	2	10	21	6	8	2	23	3	20	3	14	-1	9	-8	
13	6	6	10	12	10	4	10	9	14	6	11	4	9	4	15	13	21	8	15	16	11	16	7	15	12	11	7	6	12	10	13	15	4	15	0	17	16	10	6	
18	-15	0	31	-12	13	7	6	4	-11	-5	-8	19	6	-1	30	-18	19	32	9	21	4	24	-7	17	25	2	10	21	6	8	2	23	3	20	3	14	-1	9	-8	
18	-15	0	31	-12	13	7	6	4	-11	-5	-8	19	6	-1	30	-18	19	32	9	21	4	24	-7	17	25	2	10	21	6	8	2	23	3	20	3	14	-1	9	-8	
18	-15	0	31	-12	13	7	6	4	-11	-5	-8	19	6	-1	30	-18	19	32	9	21	4	24	-7	17	25	2	10	21	6	8	2	23	3	20	3	14	-1	9	-8	
18	-15	0	31	-12	13	7	6	4	-11	-5	-8	19	6	-1	30	-18	19	32	9	21	4	24	-7	17	25	2	10	21	6	8	2	23	3	20	3	14	-1	9	-8	
18	-15	0	31	-12	13	7	6	4	-11	-5	-8	19	6	-1	30	-18	19	32	9	21	4	24	-7	17	25	2	10	21	6	8	2	23	3	20	3	14	-1	9	-8	
18	-15	0	31	-12	13	7	6	4	-11	-5	-8	19	6	-1	30	-18	19	32	9	21	4	24	-7	17	25	2	10	21	6	8	2	23	3	20	3	14	-1	9	-8	
18	-15	0	31	-12	13	7	6	4	-11	-5	-8	19	6	-1	30	-18	19	32	9	21	4	24	-7	17	25	2	10	21	6	8	2	23	3	20	3	14	-1	9	-8	
18	-15	0	31	-12	13	7	6	4	-11	-5	-8	19	6	-1	30	-18	19	32	9	21	4	24	-7	17	25	2	10	21	6	8	2	23	3	20	3	14	-1	9	-8	
18	-15	0	31	-12	13	7	6	4	-11	-5	-8	19	6	-1	30	-18	19	32	9	21	4	24	-7	17	25	2	10	21	6	8	2	23	3	20	3	14	-1	9	-8	
18	-15	0	31	-12	13	7	6	4	-11	-5	-8	19	6	-1	30	-18	19	32	9	21	4	24	-7	17	25	2	10	21	6	8	2	23	3	20	3	14	-1	9	-8	
18	-15	0	31	-12	13	7	6	4	-11	-5	-8	19	6	-1	30	-18	19	32	9	21	4	24	-7	17	25	2	10	21	6	8	2	23	3	20	3	14	-1	9	-8	
18	-15	0	31	-12	13	7	6	4	-11	-5	-8	19	6	-1	30	-18	19	32	9	21	4	24	-7	17	25	2	10	21	6	8	2	23	3	20	3	14	-1	9	-8	
18	-15	0	31	-12	13	7	6	4	-11	-5	-8	19	6	-1	30	-18	19	32	9	21	4	24	-7	17	25	2	10	21	6	8	2	23	3	20	3	14	-1	9	-8	
18	-15	0	31	-12	13	7	6	4	-11	-5	-8	19	6	-1	30	-18	19	32	9	21	4	24	-7	17	25	2	10	21	6	8	2	23	3	20	3	14	-1	9	-8	
18	-15	0	31	-12	13	7	6	4	-11	-5	-8	19	6	-1	30	-18	19	32	9	21	4	24	-7	17	25	2	10	21	6	8	2	23	3	20	3	14	-1	9	-8	
18	-15	0	31	-12	13	7	6	4	-11	-5	-8	19	6	-1	30	-18	19	32	9	21	4	24	-7	17	25	2	10	21	6	8	2	23	3	20	3	14	-1	9	-8	
18	-15	0	31	-12	13	7	6	4	-11	-5	-8	19	6	-1	30	-18	19	32	9	21	4	24	-7	17	25	2	10	21	6	8	2	23	3	20	3	14	-1	9	-8	
18	-15	0	31	-12	13	7	6	4	-11	-5	-8	19	6	-1	30	-18	19	32	9	21	4	24	-7	17	25	2	10	21	6	8	2	23	3	20	3	14	-1	9	-8	
18	-15	0	31	-12	13	7	6	4	-11	-5	-8	19	6	-1	30	-18	19	32	9	21	4	24	-7	17	25	2	10	21	6	8	2	23	3	20	3	14	-1	9	-8	
18	-15	0	31	-12	13	7	6	4	-11	-5	-8	19	6	-1	30	-18	19	32	9	21	4	24	-7	17	25	2	10	21	6	8	2	23	3	20	3	14	-1	9	-8	
18	-15	0	31	-12	13	7	6	4	-11	-5	-8	19	6	-1	30	-18	19	32	9	21	4	24	-7	17	25	2	10	21	6	8	2	23	3	20	3	14	-1	9	-8	
18	-15	0	31	-12	13	7	6	4	-11	-5	-8	19	6	-1	30	-18	19	32	9	21	4	24	-7	17	25	2	10	21	6	8	2	23	3	20	3	14	-1	9	-8	
18	-15	0	31	-12	13	7	6	4	-11	-5	-8	19	6	-1	30	-18	19	32	9	21	4	24	-7	17	25	2	10	21	6	8	2	23	3	20	3	14	-1	9	-8	
18	-15	0	31	-12	13	7	6	4	-11	-5	-8	19	6	-1	30	-18	19	32	9	21	4	24	-7	17	25	2	10	21	6	8	2	23	3	20	3	14	-1	9	-8	
18	-15	0	31	-12	13	7	6	4	-11	-5	-8	19	6	-1	30	-18	19	32	9	21	4	24	-7	17	25	2	10	21	6	8	2	23	3	20	3	14	-1	9	-8	
18	-15	0	31	-12	13	7	6	4	-11	-5	-8	19	6	-1	30	-18	19	32	9	21	4	24	-7	17	25	2	10	21	6	8	2	23	3	20	3	14	-1	9	-8	
18	-15	0	31	-12	13	7	6	4	-11	-5	-8	19	6	-1	30	-18	19	32	9	21	4	24	-7	17	25	2	10	21	6	8	2	23	3	20	3	14	-1	9	-8	
18	-15	0	31	-12	13	7	6	4	-11	-5	-8	19	6	-1	30	-18	19	32	9	21	4	24	-7	17	25	2	10	21	6	8	2	23	3	20	3	14	-1	9	-8	
18	-15	0	31	-12	13	7	6	4	-11	-5	-8	19	6	-1	30	-18	19	32	9	21	4	24	-7	17	25	2	10	21	6	8	2	23	3	20	3	14	-1	9	-8	
18	-15	0	31	-12	13	7	6	4	-11	-5	-8	19	6	-1	30	-18	19	32	9	21	4	24	-7	17	25	2	10	21	6	8	2	23	3	20	3	14	-1	9	-8	
18	-15	0	31	-12	13	7	6	4	-11	-5	-8	19	6	-1	30	-18	19	32	9	21	4	24	-7	17	25	2	10	21	6	8	2	23	3	20	3	14	-1	9	-8	
18	-15	0	31	-12	13	7	6	4	-11	-5	-8	19	6	-1	30	-18	19	32	9	21	4	24	-7	17	25	2	10	21	6	8	2	23	3	20	3	14	-1	9	-8	
18	-15	0	31	-12	13	7	6	4	-11	-5	-8	19	6	-1	30	-18	19	32	9	21	4	24	-7	17	25	2	10	21	6	8	2	23	3	20	3	14	-1	9	-8	
18	-15	0	31	-12	13	7	6	4	-11	-5	-8	19	6	-1	30	-18	19	32	9	21	4	24	-7	17	25	2	10	21	6	8	2	23	3	20	3	14	-1	9	-8	
18	-15	0	31	-12	13	7	6	4	-11	-5	-8	19	6	-1	30	-18	19	32	9	21	4	24	-7	17	25	2	10	21	6	8	2	23	3	20	3	14	-1	9	-8	
18	-15	0	31	-12	13	7	6	4	-11	-5	-8	19	6	-1	30	-18	19	32	9	21	4	24	-7	17	25	2	10	21	6	8	2	23	3	20	3	14	-1	9	-8	
18	-15	0	31	-12	13	7	6	4	-11	-5	-8	19	6	-1	30	-18	19	32	9	21	4	24	-7	17	25	2	10	21	6	8	2	23	3	20	3	14	-1	9	-8	
18	-15	0	31	-12	13	7	6	4	-11	-5	-8	19	6	-1	30	-18	19	32	9	21	4	24	-7	17	25	2	10	21	6	8	2	23	3	20	3	14	-1	9	-8	
18	-15	0	31	-12	13	7	6	4	-11	-5	-8	19	6	-1	30	-18	19	32	9	21	4	24	-7	17	25	2	10	21	6	8	2	23	3	20	3	14	-1	9	-8	
18	-15	0	31	-12	13	7	6	4	-11	-5	-8	19	6	-1	30	-18	19	32	9	21	4	24	-7	17	25	2	10	21	6	8	2	23	3	20	3	14	-1	9	-8	
18	-15	0	31	-12	13	7	6	4	-11	-5	-8	19	6	-1	30	-18	19	32	9	21	4	24	-7	17	25	2	10	21	6	8	2	23	3	20	3	14	-1	9	-8	
18	-15	0	31	-12	13	7	6	4	-11	-5	-8	19	6	-1	30	-18	19	32	9	21	4	24	-7	17	25	2	10	21	6	8	2	23	3	20	3	14	-1	9	-8	
18	-15	0	31	-12	13	7	6	4	-11	-5	-8	19	6	-1	30	-18	19	32	9	21	4	24	-7	17	25	2	10	21	6	8	2	23	3	20	3	14	-1	9	-8	
18	-15	0	31	-12	13	7	6	4	-11	-5	-8	19	6	-1	30	-18	19	32	9	21	4	24	-7	17	25	2	10	21	6	8	2	23	3	20	3	14	-1	9	-8	
