57 [0.0,1.0] 0
64 [0.0,1.0] 1
98 [0.0,1.0] 2
57 [0.0,1.0] 3
67 [0.0,1.0] 4
81 [0.0,1.0] 5
63 [0.0,1.0] 6
85 [0.0,1.0] 7
69 [0.0,1.0] 8
55 [0.0,1.0] 9
83 [0.0,1.0] 10
113 [0.0,1.0] 11
70 [0.0,1.0] 12
73 [0.0,1.0] 13
66 [0.0,1.0] 14
72 [0.0,1.0] 15
96 [0.0,1.0] 16
59 [0.0,1.0] 17
50 [0.0,1.0] 18
88 [0.0,1.0] 19
85 [0.0,1.0] 20
54 [0.0,1.0] 21
79 [0.0,1.0] 22
92 [0.0,1.0] 23
71 [0.0,1.0] 24
53 [0.0,1.0] 25
50 [0.0,1.0] 26
92 [0.0,1.0] 27
111 [0.0,1.0] 28
59 [0.0,1.0] 29
76 [0.0,1.0] 30
82 [0.0,1.0] 31
60 [0.0,1.0] 32
78 [0.0,1.0] 33
102 [0.0,1.0] 34
71 [0.0,1.0] 35
66 [0.0,1.0] 36
56 [0.0,1.0] 37
52 [0.0,1.0] 38
64 [0.0,1.0] 39
90 [0.0,1.0] 40
65 [0.0,1.0] 41
99 [0.0,1.0] 42
80 [0.0,1.0] 43
69 [0.0,1.0] 44
90 [0.0,1.0] 45
74 [0.0,1.0] 46
51 [0.0,1.0] 47
55 [0.0,1.0] 48
53 [0.0,1.0] 49
51 [0.0,1.0] 50
54 [0.0,1.0] 51
56 [0.0,0.18177507083829814] 52
62 [0.18177507083829814,1.0] 52
72 [0.0,1.0] 53
58 [0.0,1.0] 54
62 [0.0,1.0] 55
61 [0.0,1.0] 56
61 [0.0,1.0] 57
82 [0.0,0.059735474537367717] 58
86 [0.059735474537367717,1.0] 58
60 [0.0,1.0] 59
73 [0.0,1.0] 60
68 [0.0,1.0] 61
87 [0.0,1.0] 62
65 [0.0,0.8903140832437922] 63
70 [0.8903140832437922,1.0] 63
83 [0.0,1.0] 64
68 [0.0,1.0] 65
67 [0.0,1.0] 66
103 [0.0,1.0] 67
75 [0.0,1.0] 68
78 [0.0,1.0] 69
95 [0.0,1.0] 70
106 [0.0,1.0] 71
77 [0.0,1.0] 72
74 [0.0,1.0] 73
89 [0.0,1.0] 74
81 [0.0,0.9502237648625402] 75
119 [0.9502237648625402,1.0] 75
101 [0.0,0.02128682469437526] 76
80 [0.02128682469437526,1.0] 76
89 [0.0,0.25448413359473154] 77
88 [0.25448413359473154,1.0] 77
79 [0.0,1.0] 78
84 [0.0,1.0] 79
99 [0.0,1.0] 80
106 [0.0,1.0] 81
86 [0.0,1.0] 82
114 [0.0,1.0] 83
94 [0.0,0.850344135189619] 84
122 [0.850344135189619,1.0] 84
87 [0.0,1.0] 85
94 [0.0,1.0] 86
91 [0.0,1.0] 87
93 [0.0,1.0] 88
91 [0.0,1.0] 89
101 [0.0,1.0] 90
95 [0.0,1.0] 91
98 [0.0,1.0] 92
97 [0.0,0.058920827506747986] 93
97 [0.058920827506747986,1.0] 93
112 [0.0,1.0] 94
96 [0.0,1.0] 95
117 [0.0,1.0] 96
100 [0.0,1.0] 97
103 [0.0,1.0] 98
105 [0.0,1.0] 99
113 [0.0,0.1518448956628029] 100
108 [0.1518448956628029,1.0] 100
109 [0.0,1.0] 101
104 [0.0,0.18434076768082563] 102
112 [0.18434076768082563,1.0] 102
104 [0.0,1.0] 103
107 [0.0,1.0] 104
111 [0.0,0.5611159752497941] 105
108 [0.5611159752497941,1.0] 105
107 [0.0,1.0] 106
110 [0.0,1.0] 107
110 [0.1518448956628029,1.0] 108
115 [0.0,0.09845099010471026] 109
115 [0.09845099010471026,1.0] 109
120 [0.0,1.0] 110
114 [0.0,1.0] 111
116 [0.0,1.0] 112
116 [0.0,1.0] 113
122 [0.0,1.0] 114
117 [0.0,1.0] 115
118 [0.0,1.0] 116
120 [0.0,1.0] 117
119 [0.0,0.11619538589441347] 118
123 [0.11619538589441347,1.0] 118
127 [0.0,0.11619538589441347][0.9502237648625402,1.0] 119
121 [0.0,1.0] 120
124 [0.0,0.8704928464141745] 121
126 [0.11619538589441347,0.7314235877924471] 123
125 [0.7314235877924471,1.0] 123
125 [0.0,0.32036650064834576] 124
126 [0.32036650064834576,0.8704928464141745] 124
128 [0.0,0.32036650064834576][0.7314235877924471,1.0] 125
127 [0.11619538589441347,0.8704928464141745] 126
128 [0.0,0.8704928464141745][0.9502237648625402,1.0] 127
64 [0.0,1.0] 0
51 [0.0,1.0] 1
57 [0.0,1.0] 2
51 [0.0,1.0] 3
57 [0.0,1.0] 4
64 [0.0,1.0] 5
80 [0.0,1.0] 6
61 [0.0,1.0] 7
59 [0.0,1.0] 8
65 [0.0,1.0] 9
68 [0.0,1.0] 10
55 [0.0,1.0] 12
65 [0.0,1.0] 13
55 [0.0,1.0] 14
84 [0.0,1.0] 15
58 [0.0,1.0] 16
52 [0.0,1.0] 17
59 [0.0,1.0] 18
52 [0.0,1.0] 19
62 [0.0,1.0] 20
61 [0.0,1.0] 21
73 [0.0,1.0] 22
53 [0.0,1.0] 23
63 [0.0,1.0] 24
72 [0.0,1.0] 25
56 [0.0,1.0] 26
53 [0.0,1.0] 27
50 [0.0,1.0] 28
56 [0.0,1.0] 29
60 [0.0,1.0] 30
74 [0.0,1.0] 31
71 [0.0,1.0] 32
67 [0.0,1.0] 33
54 [0.0,1.0] 34
84 [0.0,1.0] 36
63 [0.0,1.0] 37
75 [0.0,1.0] 38
69 [0.0,1.0] 39
77 [0.0,1.0] 40
62 [0.0,1.0] 41
68 [0.0,1.0] 42
50 [0.0,1.0] 44
54 [0.0,1.0] 45
60 [0.0,1.0] 47
58 [0.0,1.0] 48
71 [0.0,1.0] 50
70 [0.0,1.0] 51
83 [0.0,1.0] 52
78 [0.0,1.0] 55
66 [0.0,1.0] 56
69 [0.0,1.0] 57
67 [0.0,1.0] 58
73 [0.0,1.0] 59
66 [0.0,1.0] 61
76 [0.0,1.0] 62
74 [0.0,1.0] 63
82 [0.0,1.0] 64
70 [0.0,1.0] 66
76 [0.0,1.0] 67
77 [0.0,1.0] 68
80 [0.0,1.0] 69
79 [0.0,1.0] 71
81 [0.0,1.0] 73
75 [0.0,1.0] 74
79 [0.0,1.0] 75
78 [0.0,1.0] 77
82 [0.0,1.0] 79
83 [0.7662349012751941,1.0] 81
56 [0.0,1.0] 0
58 [0.0,1.0] 1
84 [0.0,1.0] 2
51 [0.0,1.0] 3
67 [0.0,1.0] 4
55 [0.0,1.0] 6
56 [0.0,1.0] 7
87 [0.0,1.0] 8
63 [0.0,1.0] 9
59 [0.0,1.0] 10
61 [0.0,1.0] 11
50 [0.0,1.0] 12
69 [0.0,1.0] 13
52 [0.0,1.0] 14
52 [0.0,1.0] 15
55 [0.0,1.0] 16
63 [0.0,1.0] 17
53 [0.0,1.0] 18
54 [0.0,1.0] 19
74 [0.0,1.0] 20
68 [0.0,1.0] 21
51 [0.0,1.0] 22
80 [0.0,1.0] 23
82 [0.0,1.0] 24
65 [0.0,1.0] 25
94 [0.0,1.0] 26
54 [0.0,1.0] 27
71 [0.0,1.0] 28
70 [0.0,1.0] 29
89 [0.0,1.0] 30
73 [0.0,1.0] 31
66 [0.0,1.0] 32
81 [0.0,1.0] 33
97 [0.0,1.0] 34
79 [0.0,1.0] 35
60 [0.0,1.0] 36
62 [0.0,1.0] 37
77 [0.0,1.0] 38
50 [0.0,1.0] 39
69 [0.0,1.0] 40
53 [0.0,1.0] 41
58 [0.0,1.0] 42
75 [0.0,1.0] 43
80 [0.0,1.0] 44
57 [0.0,1.0] 45
66 [0.0,1.0] 46
68 [0.0,1.0] 47
90 [0.0,1.0] 48
60 [0.0,1.0] 49
72 [0.0,1.0] 50
59 [0.0,1.0] 51
57 [0.0,1.0] 52
98 [0.0,1.0] 53
65 [0.0,1.0] 54
86 [0.0,1.0] 55
61 [0.0,1.0] 56
95 [0.0,1.0] 57
77 [0.0,1.0] 58
71 [0.0,1.0] 59
100 [0.0,1.0] 60
76 [0.0,1.0] 61
64 [0.0,0.886102602334478] 62
67 [0.886102602334478,1.0] 62
64 [0.0,1.0] 63
98 [0.0,1.0] 64
78 [0.0,1.0] 65
79 [0.0,1.0] 66
78 [0.0,1.0] 67
91 [0.0,1.0] 68
74 [0.0,1.0] 69
76 [0.0,0.3924220570056264] 70
93 [0.3924220570056264,1.0] 70
88 [0.0,1.0] 71
87 [0.0,0.6572468258815611] 72
82 [0.6572468258815611,1.0] 72
75 [0.0,0.9860532384073905] 73
99 [0.0,1.0] 74
89 [0.0,1.0] 75
83 [0.0,1.0] 76
90 [0.0,1.0] 77
84 [0.0,1.0] 79
86 [0.0,1.0] 80
88 [0.0,0.12431475146943916] 81
83 [0.12431475146943916,1.0] 81
85 [0.0,1.0] 82
91 [0.0,1.0] 83
99 [0.0,1.0] 84
92 [0.0,0.6535446491476509] 85
101 [0.6535446491476509,1.0] 85
95 [0.0,1.0] 86
104 [0.0,1.0] 87
97 [0.0,1.0] 88
92 [0.0,1.0] 89
101 [0.0,1.0] 90
94 [0.0,1.0] 91
96 [0.8248665574698926,1.0] 93
103 [0.0,1.0] 94
96 [0.0,1.0] 95
104 [0.0,1.0] 96
102 [0.0,1.0] 98
102 [0.1749236793112987,1.0] 100
14 [0.0,1.0] 0
10 [0.0,1.0] 1
9 [0.0,1.0] 2
17 [0.0,1.0] 3
18 [0.0,1.0] 4
12 [0.0,1.0] 5
9 [0.0,1.0] 6
13 [0.0,1.0] 7
10 [0.0,1.0] 8
11 [0.0,1.0] 9
14 [0.0,1.0] 10
15 [0.0,0.06150360991854076] 11
16 [0.06150360991854076,1.0] 11
13 [0.0,0.17436562402477174] 12
16 [0.17436562402477174,1.0] 12
18 [0.0,1.0] 13
15 [0.0,1.0] 14
20 [0.0,1.0] 15
20 [0.06150360991854076,1.0] 16
19 [0.0,0.4091722976136065] 17
21 [0.4091722976136065,1.0] 17
22 [0.0,1.0] 18
23 [0.0,0.07527763621622173] 19
23 [0.07527763621622173,0.4091722976136065] 19
22 [0.909109618064064,1.0] 21
22 [0.0,1.0] 0
25 [0.0,0.38749034648790603] 1
9 [0.38749034648790603,1.0] 1
10 [0.0,1.0] 2
12 [0.0,1.0] 3
11 [0.0,1.0] 4
9 [0.0,0.7662349012751941] 5
13 [0.0,1.0] 6
10 [0.0,1.0] 7
14 [0.0,1.0] 8
16 [0.0,1.0] 9
17 [0.0,1.0] 10
12 [0.0,0.3914457063146649] 11
18 [0.3914457063146649,1.0] 11
15 [0.0,1.0] 12
21 [0.0,0.1878366519322574] 13
19 [0.1878366519322574,1.0] 13
20 [0.0,0.2971241120983409] 14
15 [0.2971241120983409,1.0] 14
16 [0.0,1.0] 15
17 [0.0,1.0] 16
18 [0.0,1.0] 17
20 [0.0,1.0] 18
26 [0.1878366519322574,0.7804086833267238] 19
23 [0.7804086833267238,1.0] 19
21 [0.0,1.0] 20
25 [0.0,1.0] 21
24 [0.0,0.9257195930145025] 22
23 [0.9257195930145025,1.0] 22
29 [0.7804086833267238,1.0] 23
26 [0.0,0.25105826996465946] 24
28 [0.25105826996465946,0.9257195930145025] 24
27 [0.0,0.7804086833267238] 26
28 [0.0,0.29135344857501405] 27
29 [0.29135344857501405,0.7804086833267238] 27
30 [0.0,0.9257195930145025] 28
30 [0.29135344857501405,1.0] 29
6 [0.0,1.0] 0
14 [0.9860532384073905,1.0] 1
6 [0.0,1.0] 2
10 [0.0,1.0] 3
8 [0.3924220570056264,0.8248665574698926] 4
16 [0.0,1.0] 5
7 [0.0,1.0] 6
12 [0.0,0.9921997740307602] 7
14 [0.9921997740307602,1.0] 7
9 [0.3924220570056264,0.767586190608025] 8
11 [0.767586190608025,0.8248665574698926] 8
13 [0.3924220570056264,0.4822025965766348] 9
12 [0.4822025965766348,0.767586190608025] 9
18 [0.0,0.8295131612601048] 10
11 [0.8295131612601048,1.0] 10
13 [0.767586190608025,0.8248665574698926][0.8295131612601048,1.0] 11
19 [0.0,0.9921997740307602] 12
15 [0.3924220570056264,0.4822025965766348][0.767586190608025,0.8248665574698926][0.8295131612601048,1.0] 13
17 [0.4926298044131191,1.0] 16
18 [0.5589930662820924,1.0] 17
19 [0.0,1.0] 18
6 [0.0,1.0] 0
16 [0.0,0.1749236793112987] 1
6 [0.0,1.0] 2
9 [0.0,1.0] 3
14 [0.08316814849986509,1.0] 4
7 [0.0,1.0] 5
7 [0.0,1.0] 6
8 [0.0,1.0] 7
11 [0.0,0.8702270259037795] 8
13 [0.8702270259037795,1.0] 8
10 [0.0,0.665526861979948] 9
21 [0.665526861979948,1.0] 9
12 [0.0,0.5679381857516639] 10
12 [0.5679381857516639,0.665526861979948] 10
20 [0.0,0.5629483059147595] 11
18 [0.5629483059147595,0.8702270259037795] 11
18 [0.0,0.665526861979948] 12
15 [0.8702270259037795,0.9354204030179617] 13
15 [0.9354204030179617,1.0] 13
17 [0.08316814849986509,0.5535758483961125] 14
16 [0.5535758483961125,1.0] 14
19 [0.8702270259037795,1.0] 15
20 [0.0,0.1749236793112987][0.5535758483961125,1.0] 16
21 [0.16298280167242873,0.5535758483961125] 17
19 [0.0,0.8702270259037795] 18
8 [0.8704928464141745,1.0] 0
11 [0.0,1.0] 1
9 [0.0,1.0] 2
8 [0.8295131612601048,0.9605943325282594] 4
11 [0.9605943325282594,1.0] 4
12 [0.0,0.4926298044131191] 5
9 [0.4926298044131191,0.5589930662820924] 6
10 [0.0,1.0] 7
15 [0.8295131612601048,1.0] 8
14 [0.0,1.0] 9
13 [0.0,0.4636245109571757] 10
13 [0.4636245109571757,1.0] 10
12 [0.0,1.0] 11
18 [0.0,1.0] 12
15 [0.0,1.0] 13
16 [0.0,0.8461471802223325] 14
17 [0.8461471802223325,1.0] 14
16 [0.0,1.0] 15
17 [0.0,1.0] 16
11 [0.0,1.0] 0
11 [0.4091722976136065,0.909109618064064] 1
9 [0.0,1.0] 2
18 [0.0,0.4091722976136065] 3
14 [0.0,0.08316814849986509] 4
10 [0.08316814849986509,0.16298280167242873] 5
9 [0.0,1.0] 6
12 [0.0,1.0] 7
12 [0.16298280167242873,0.5535758483961125][0.665526861979948,1.0] 8
10 [0.0,1.0] 9
13 [0.0,1.0] 10
14 [0.0,1.0] 11
13 [0.0,1.0] 12
19 [0.0,1.0] 13
15 [0.0,1.0] 14
16 [0.0,0.7559074594105718] 15
16 [0.7559074594105718,1.0] 15
17 [0.0,1.0] 16
21 [0.0,0.9795030452556649] 17
18 [0.9795030452556649,1.0] 17
19 [0.0,0.4091722976136065][0.9795030452556649,1.0] 18
20 [0.0,1.0] 19
23 [0.0,0.3779337841121828] 20
21 [0.3779337841121828,1.0] 20
22 [0.0,1.0] 21
9 [0.0,1.0] 0
6 [0.0,1.0] 1
9 [0.9860532384073905,1.0] 2
7 [0.0,1.0] 3
5 [0.0,0.8129664840804574] 4
5 [0.8129664840804574,1.0] 4
12 [0.0,1.0] 5
7 [0.0,0.08166291757443589] 6
10 [0.08166291757443589,1.0] 6
8 [0.0,1.0] 7
13 [0.0,0.7925886822183148] 8
14 [0.7925886822183148,1.0] 8
16 [0.0,1.0] 9
16 [0.08166291757443589,0.11710472692379703] 10
11 [0.11710472692379703,1.0] 10
20 [0.11710472692379703,0.49554333634359427] 11
17 [0.49554333634359427,1.0] 11
14 [0.0,0.19031320861303547] 12
15 [0.19031320861303547,1.0] 12
18 [0.0,0.11400111660676795] 13
21 [0.11400111660676795,0.7925886822183148] 13
15 [0.0,0.19031320861303547][0.7925886822183148,1.0] 14
17 [0.0,1.0] 15
22 [0.0,1.0] 17
19 [0.0,0.0121676435820838] 18
19 [0.0121676435820838,0.11400111660676795] 18
22 [0.11710472692379703,0.29682218466757737] 20
21 [0.29682218466757737,0.49554333634359427] 20
23 [0.11400111660676795,0.7925886822183148] 21
23 [0.0,1.0] 22
5 [0.0,0.057451266663701483] 0
5 [0.057451266663701483,1.0] 0
7 [0.0,0.17631896357854446] 1
10 [0.17631896357854446,0.3779337841121828] 1
8 [0.0,1.0] 2
8 [0.0,0.11400111660676795] 3
11 [0.0,1.0] 4
6 [0.0,1.0] 5
10 [0.0,0.3249192320775742] 6
14 [0.3249192320775742,1.0] 6
13 [0.0,0.00628803363238462] 7
18 [0.00628803363238462,0.17631896357854446] 7
9 [0.0,1.0] 8
13 [0.0,0.07904818383952517] 9
14 [0.07904818383952517,1.0] 9
12 [0.0,0.3779337841121828] 10
15 [0.0,0.44276104876262046] 11
24 [0.44276104876262046,1.0] 11
18 [0.0,0.3294947765436941] 12
16 [0.3294947765436941,0.3779337841121828] 12
19 [0.0,0.07904818383952517] 13
17 [0.07904818383952517,1.0] 14
16 [0.0,0.1296821495672868] 15
20 [0.1296821495672868,0.44276104876262046] 15
17 [0.0,0.1296821495672868][0.3294947765436941,0.3779337841121828] 16
19 [0.0,1.0] 17
22 [0.0,0.3294947765436941] 18
21 [0.0,1.0] 19
23 [0.1296821495672868,0.18499138023908704] 20
22 [0.18499138023908704,0.44276104876262046] 20
25 [0.0,0.6430763722874607] 21
24 [0.6430763722874607,1.0] 21
23 [0.0,0.44276104876262046] 22
25 [0.0,0.44276104876262046] 23
27 [0.44276104876262046,1.0] 24
26 [0.0,0.6430763722874607] 25
31 [0.0,0.393766564037431] 26
28 [0.393766564037431,0.6430763722874607] 26
31 [0.44276104876262046,0.5059802758081542] 27
29 [0.5059802758081542,1.0] 27
30 [0.393766564037431,0.6129932313445426] 28
32 [0.6129932313445426,0.6430763722874607] 28
30 [0.5059802758081542,0.596011276169369] 29
35 [0.596011276169369,1.0] 29
34 [0.393766564037431,0.6129932313445426] 30
32 [0.0,0.393766564037431][0.44276104876262046,0.5059802758081542] 31
33 [0.0,0.393766564037431][0.44276104876262046,0.5059802758081542][0.6129932313445426,0.6430763722874607] 32
34 [0.0,0.393766564037431] 33
38 [0.44276104876262046,0.5059802758081542][0.6129932313445426,0.6430763722874607] 33
36 [0.0,0.6129932313445426] 34
36 [0.596011276169369,0.6143785104545039] 35
37 [0.6143785104545039,1.0] 35
37 [0.0,0.6143785104545039] 36
38 [0.0,1.0] 37
